Treatment	AIH	AIH	AIH	AIH	AIH	AIH	AIH	AIH	AIH	AIH	AIH	AIH	AIH	AIH	AIH	AIH	nonAIHhepControl	nonAIHhepControl	nonAIHhepControl	nonAIHhepControl	nonAIHhepControl	nonAIHhepControl	nonAIHhepControl	nonAIHhepControl	nonAIHhepControl	nonAIHhepControl	nonAIHhepControl	nonAIHhepControl	nonAIHhepControl	nonAIHhepControl	nonAIHhepControl	nonAIHhepControl	nonAIHhepControl	nonAIHhepControl	nonAIHhepControl	nonAIHhepControl	nonAIHhepControl	nonAIHhepControl	nonAIHhepControl
Sample	18	21	22	35	36	39	40	43	47	52	58	59	68	69	70	71	1	2	3	5	6	7	9	11	20	23	26	27	29	30	31	32	33	37	42	46	72	74	77
Bacteria	201	124	370	56	79	336	45	126	96	122	233	52	285	294	123	223	67	213	187	125	223	127	169	47	81	119	206	171	154	301	226	61	182	105	166	234	122	200	142
Bacteria|Actinobacteria	5	1	1	14	0	8	0	0	0	69	0	0	76	0	0	0	0	1	0	18	12	0	9	0	0	0	2	6	0	21	0	0	0	0	28	0	5	0	1
Bacteria|Actinobacteria|Actinobacteria	126	119	7796	106	121	160	15	531	933	398	274	63	568	289	1208	417	303	110	77	155	135	39	191	150	34706	19	4216	323	3852	1534	16	61	32	600	6063	141	16	181	395
Bacteria|Actinobacteria|Coriobacteriia	0	0	0	4	0	0	0	2	0	0	8	0	1	5	0	3	0	0	0	0	6	0	10	0	0	0	4	29	0	0	0	0	0	0	20	0	0	0	0
Bacteria|Bacteroidetes	0	0	0	0	0	0	2	0	720	0	0	0	0	0	0	0	154	4	0	312	0	0	0	0	0	0	0	0	0	0	0	3	0	0	0	3	0	0	0
Bacteria|Bacteroidetes|Bacteroidia	33627	50740	85965	40341	98220	35147	14104	43800	47452	54032	38340	33035	35225	49466	29783	64885	76392	34580	44959	41447	33261	30177	42051	1047	2164	25532	39942	64809	26646	58982	48125	27421	33313	12205	50939	80059	38644	54734	29636
Bacteria|Bacteroidetes|Flavobacteriia	0	1	0	0	0	0	1	0	1	1	0	3	2	1	6	0	0	3	0	0	0	0	0	0	3	0	0	0	0	0	1	1	0	5	0	0	0	4	0
Bacteria|Bacteroidetes|[Saprospirae]	0	0	0	0	0	0	0	0	0	2	0	0	0	0	0	0	0	0	0	0	0	0	0	0	0	0	0	0	0	0	0	0	0	0	0	0	0	0	0
Bacteria|Cyanobacteria[Melainabacteria]|[Melainabacteria]	0	0	0	0	0	4	1	0	475	0	177	0	0	0	0	21	0	2006	0	25	68	0	5	0	0	0	0	0	0	0	1229	4	0	0	0	4	1	0	1
Bacteria|Deinococcus-Thermus|Deinococci	0	0	8	0	0	0	0	0	0	0	0	0	0	0	1	0	0	0	0	0	0	0	0	5	0	0	0	0	0	0	0	0	0	0	0	0	0	2	0
Bacteria|Euryarchaeota|Methanobacteria	0	0	0	0	0	0	0	0	0	64	187	0	2	0	0	0	0	0	0	0	0	0	0	0	0	0	0	698	0	0	0	0	0	1	48	0	0	0	0
Bacteria|Euryarchaeota|Thermoplasmata	0	0	0	0	0	0	0	0	0	0	0	0	0	0	0	0	0	0	0	0	3	0	0	0	0	0	0	0	0	0	0	0	0	0	0	0	0	0	0
Bacteria|Firmicutes	12	13	2	6	0	15	0	159	1	67	99	41	19	0	4	12	8	35	260	7	62	0	0	0	1	20	13	6	431	0	0	8	0	26	0	10	7	0	0
Bacteria|Firmicutes|Bacilli	671	900	300	101	418	340	74	94	87	259	126	238	267	4546	168	71	709	1005	240	266	231	135	29	71	10103	26	483	958	20747	39	69	1057	33	651	58	39	11	1997	19
Bacteria|Firmicutes|Clostridia	35211	24530	18219	31166	7637	27947	2496	17524	21937	19486	38962	6855	62455	25521	59987	20597	21317	11869	20047	49288	27196	51	7182	22411	22505	1160	6645	8610	15466	30001	21076	376	2589	6046	41337	18884	13394	28338	13171
Bacteria|Firmicutes|Erysipelotrichi	0	0	0	0	0	0	0	0	0	0	0	0	5	0	0	0	0	0	0	0	4	0	0	0	0	0	0	0	0	0	0	0	0	0	0	0	1	0	0
Bacteria|Firmicutes|Erysipelotrichia	217	13474	863	2028	25	237	3	4466	17	1523	1984	2231	368	491	365	1979	463	101	511	161	1661	1	593	4	282	9	349	159	13	444	2257	42	87	207	63	121	6	370	865
Bacteria|Firmicutes|Negativicutes	12010	1164	911	27600	3682	37033	3522	14814	13140	2095	1318	657	1810	8320	9879	10252	6053	9959	36467	14856	22481	24703	42722	762	4862	5747	51805	15135	34828	1420	16882	85637	32	11300	17357	6534	4270	15490	30669
Bacteria|Firmicutes|unclassified-Firmicutes	1	0	3	302	0	0	2	94	163	187	483	0	97	0	0	0	0	0	0	479	573	1	1	0	0	0	0	0	0	5	1873	2	0	0	0	8	0	0	0
Bacteria|Fusobacteria|Fusobacteriia	26	33	70	21	1	11	0	3	30	0	0	0	1	0	1	7	1	46	1	6	22	1	0	0	115	4	94	13	1970	18	0	9	0	43	0	33	0	0	0
Bacteria|Lentisphaerae|Lentisphaeria	0	1	0	0	2	0	0	0	4	10	0	0	1	0	0	0	3	0	97	1	0	0	0	0	0	0	4	0	0	0	0	0	0	0	0	0	0	0	0
Bacteria|Proteobacteria	0	0	0	0	0	0	0	0	0	0	0	0	0	0	0	0	0	0	0	0	0	1	0	0	0	0	0	0	0	1	0	1	0	3	0	1	0	0	0
Bacteria|Proteobacteria|Alphaproteobacteria	458	698	839	233	226	526	8	112	563	915	1267	80	69	1241	1474	525	548	21567	2617	306	137	86	201	259	10	18	84	379	7	363	150	171	1059	495	220	347	39	620	442
Bacteria|Proteobacteria|Betaproteobacteria	87	219	210	241	914	1502	7	313	626	587	2615	26	149	162	1456	210	167	3139	475	151	623	5	35	22	52	4	1490	809	4148	154	94	26	118	65	131	61	71	1556	1987
Bacteria|Proteobacteria|Deltaproteobacteria	3	5	0	17	0	8	1	4	20	48	96	8	76	7	10	44	12	75	10	4	16	0	7	7	0	0	2	349	0	6	0	64	20	8	0	3	2	0	34
Bacteria|Proteobacteria|Epsilonproteobacteria	101	1	6	1	2	3	0	0	5	1	0	0	1	2	0	0	5	72	0	1	5	0	0	0	28	3	7	1	25	0	3	4	1	37	0	0	0	6	1
Bacteria|Proteobacteria|Gammaproteobacteria	1362	1975	72	2862	258	8605	7	23432	298	29	583	1503	224	609	106	30	126	1254	280	5	2676	1698	18	234	408	63	1423	7869	5702	173	307	4844	567	7028	2364	49	313	1442	166
Bacteria|Spirochaetes|Spirochaetia	0	0	0	0	0	0	0	0	0	0	0	0	0	0	0	0	0	0	0	0	0	0	0	0	0	0	0	0	0	0	0	0	0	0	0	0	0	0	0
Bacteria|Synergistetes|Synergistia	0	0	0	0	0	0	0	0	3	0	0	0	0	0	0	0	0	0	0	0	0	0	0	0	0	0	0	0	0	0	0	0	0	0	0	0	14	0	0
Bacteria|Unclassified|unclassified-Bacteria	15	0	109	2	12	13	0	1258	4	0	1883	0	4	6	3	0	0	2	0	0	97	2	33	0	13	0	10	11	1	0	4	0	0	17	0	36	0	89	0
Bacteria|Verrucomicrobia|Verrucomicrobiae	120	8	15	1094	0	9	13	0	4800	25441	3480	552	18	11800	1278	1	7	19	13	3904	9	16	1	23	1	25482	702	15	3	143	2	13	57702	6	3926	8	1675	4	9123
