Treatment	AIH	AIH	AIH	AIH	AIH	AIH	AIH	AIH	AIH	AIH	AIH	AIH	AIH	AIH	AIH	AIH	healthy	healthy	healthy	healthy	healthy	healthy	healthy	healthy	healthy	healthy	healthy	healthy	healthy	healthy	healthy	healthy	healthy	healthy	healthy	nonAIHhepControl	nonAIHhepControl	nonAIHhepControl	nonAIHhepControl	nonAIHhepControl	nonAIHhepControl	nonAIHhepControl	nonAIHhepControl	nonAIHhepControl	nonAIHhepControl	nonAIHhepControl	nonAIHhepControl	nonAIHhepControl	nonAIHhepControl	nonAIHhepControl	nonAIHhepControl	nonAIHhepControl	nonAIHhepControl	nonAIHhepControl	nonAIHhepControl	nonAIHhepControl	nonAIHhepControl	nonAIHhepControl
Sample	18	21	22	35	36	39	40	43	47	52	58	59	68	69	70	71	49	50	51	53	54	55	56	57	60	61	62	63	64	65	66	76	81	82	83	1	2	3	5	6	7	9	11	20	23	26	27	29	30	31	32	33	37	42	46	72	74	77
Bacteria	201	124	370	56	79	336	45	126	96	122	233	52	285	294	123	223	718	257	191	261	215	79	387	336	273	1569	56	154	124	145	97	223	215	111	191	67	213	187	125	223	127	169	47	81	119	206	171	154	301	226	61	182	105	166	234	122	200	142
Bacteria|Actinobacteria	5	1	1	14	0	8	0	0	0	69	0	0	76	0	0	0	297	0	1	3	0	0	2	5	0	143	0	0	0	0	0	0	102	0	0	0	1	0	18	12	0	9	0	0	0	2	6	0	21	0	0	0	0	28	0	5	0	1
Bacteria|Actinobacteria|Actinobacteria|Actinomycetales	35	77	58	26	17	59	6	4	8	8	19	27	60	29	21	18	62	9	13	45	21	10	6	49	77	30	12	31	62	79	17	15	40	125	20	96	24	5	20	11	0	1	57	352	12	16	27	217	9	6	25	0	71	15	14	7	51	13
Bacteria|Actinobacteria|Actinobacteria|Bifidobacteriales	15	24	7711	9	94	53	7	443	146	375	191	27	231	215	918	269	1756	7	121	327	428	2	28	407	161	291	111	32	187	366	343	2	118	12774	8666	105	4	26	90	70	17	156	93	32635	6	4065	47	2935	1192	0	24	28	513	1838	57	6	53	274
Bacteria|Actinobacteria|Actinobacteria|Coriobacteriales	76	18	27	71	10	48	2	84	779	15	64	9	277	45	269	130	541	41	95	316	135	20	61	13	13	469	58	58	552	182	26	6	143	74	204	102	82	46	45	54	22	34	0	1719	1	135	249	700	333	10	12	4	16	4210	70	3	77	108
Bacteria|Actinobacteria|Coriobacteriia|Coriobacteriales	0	0	0	4	0	0	0	2	0	0	8	0	1	5	0	3	0	0	0	0	0	0	0	3	0	120	0	0	0	6	0	0	0	0	0	0	0	0	0	6	0	10	0	0	0	4	29	0	0	0	0	0	0	20	0	0	0	0
Bacteria|Bacteroidetes	0	0	0	0	0	0	2	0	720	0	0	0	0	0	0	0	235	0	0	0	0	0	4	0	0	0	0	0	0	354	0	0	0	0	0	154	4	0	312	0	0	0	0	0	0	0	0	0	0	0	3	0	0	0	3	0	0	0
Bacteria|Bacteroidetes|Bacteroidia|Bacteroidales	33627	50740	85965	40341	98220	35147	14104	43800	47452	54032	38340	33035	35225	49466	29783	64885	20841	57527	67424	35702	54062	58503	62494	32806	61590	16807	22626	45712	77936	38476	72944	93146	37212	9698	19045	76392	34580	44959	41447	33261	30177	42051	1047	2164	25532	39942	64809	26646	58982	48125	27421	33313	12205	50939	80059	38644	54734	29636
Bacteria|Bacteroidetes|Flavobacteriia|Flavobacteriales	0	1	0	0	0	0	1	0	1	1	0	3	2	1	6	0	0	0	1	11	0	2	0	9	3	0	1	0	5	4	0	0	0	2	0	0	3	0	0	0	0	0	0	3	0	0	0	0	0	1	1	0	5	0	0	0	4	0
Bacteria|Bacteroidetes|[Saprospirae]|[Saprospirales]	0	0	0	0	0	0	0	0	0	2	0	0	0	0	0	0	0	0	0	0	0	0	0	0	0	0	0	0	0	0	1	0	0	1	0	0	0	0	0	0	0	0	0	0	0	0	0	0	0	0	0	0	0	0	0	0	0	0
Bacteria|Cyanobacteria[Melainabacteria]|[Melainabacteria]|[Melainabacteriales]	0	0	0	0	0	4	1	0	475	0	177	0	0	0	0	21	185	19	116	4	13	74	397	69	138	0	70	8	12	2	691	0	0	0	19	0	2006	0	25	68	0	5	0	0	0	0	0	0	0	1229	4	0	0	0	4	1	0	1
Bacteria|Deinococcus-Thermus|Deinococci|Deinococcales	0	0	8	0	0	0	0	0	0	0	0	0	0	0	1	0	0	0	0	0	0	0	0	12	2	0	0	0	0	2	0	1	0	0	0	0	0	0	0	0	0	0	5	0	0	0	0	0	0	0	0	0	0	0	0	0	2	0
Bacteria|Euryarchaeota|Methanobacteria|Methanobacteriales	0	0	0	0	0	0	0	0	0	64	187	0	2	0	0	0	1	157	2	2	0	0	246	175	89	1227	0	0	3	0	0	0	0	0	12	0	0	0	0	0	0	0	0	0	0	0	698	0	0	0	0	0	1	48	0	0	0	0
Bacteria|Euryarchaeota|Thermoplasmata|E2	0	0	0	0	0	0	0	0	0	0	0	0	0	0	0	0	0	0	4	0	0	0	0	0	0	0	0	0	0	0	0	0	0	0	0	0	0	0	0	3	0	0	0	0	0	0	0	0	0	0	0	0	0	0	0	0	0	0
Bacteria|Firmicutes	12	13	2	6	0	15	0	159	1	67	99	41	19	0	4	12	9	91	364	60	82	0	25	265	56	96	11	0	60	42	19	0	0	6	70	8	35	260	7	62	0	0	0	1	20	13	6	431	0	0	8	0	26	0	10	7	0	0
Bacteria|Firmicutes|Bacilli|Bacillales	1	6	6	0	0	13	0	0	7	7	0	1	0	6	3	0	2	5	1	21	2	0	3	23	2	0	9	6	3	1	5	3	4	2	2	28	0	0	0	0	2	0	0	12	2	2	5	1	0	1	2	0	0	0	0	2	3	0
Bacteria|Firmicutes|Bacilli|Gemellales	6	12	0	4	1	0	0	3	0	5	0	4	0	19	9	1	5	0	0	0	4	0	1	5	0	1	0	1	7	1	1	12	0	0	0	2	2	13	6	0	0	0	2	13	1	0	15	15	0	0	0	0	14	3	0	0	5	0
Bacteria|Firmicutes|Bacilli|Lactobacillales	664	882	294	97	417	327	74	91	80	247	126	233	267	4521	156	70	852	113	492	425	466	76	172	1126	175	83	219	1074	453	130	122	45	158	243	106	679	1003	227	260	231	133	29	69	10078	23	481	938	20731	39	68	1055	33	637	55	39	9	1989	19
Bacteria|Firmicutes|Clostridia|Clostridiales	35211	24530	18219	31166	7637	27947	2496	17524	21937	19486	38962	6855	62455	25521	59987	20597	60903	20946	19052	39330	23656	19061	25913	57026	14755	49522	42890	39616	34176	53743	12476	5661	36904	61208	38691	21317	11869	20047	49288	27196	51	7182	22411	22505	1160	6645	8610	15466	30001	21076	376	2589	6046	41337	18884	13394	28338	13171
Bacteria|Firmicutes|Erysipelotrichi|Erysipelotrichales	0	0	0	0	0	0	0	0	0	0	0	0	5	0	0	0	28	0	0	0	0	0	0	0	0	0	0	0	0	0	0	0	0	0	0	0	0	0	0	4	0	0	0	0	0	0	0	0	0	0	0	0	0	0	0	1	0	0
Bacteria|Firmicutes|Erysipelotrichia|Erysipelotrichales	217	13474	863	2028	25	237	3	4466	17	1523	1984	2231	368	491	365	1979	731	505	1977	2496	8600	616	193	559	171	4383	365	356	2703	1255	111	3159	3669	558	409	463	101	511	161	1661	1	593	4	282	9	349	159	13	444	2257	42	87	207	63	121	6	370	865
Bacteria|Firmicutes|Negativicutes|Selenomonadales	12010	1164	911	27600	3682	37033	3522	14814	13140	2095	1318	657	1810	8320	9879	10252	2231	1001	4761	6786	1318	17627	16828	10732	2075	3137	15784	12484	1375	4191	4812	30	23028	6425	6732	6053	9959	36467	14856	22481	24703	42722	762	4862	5747	51805	15135	34828	1420	16882	85637	32	11300	17357	6534	4270	15490	30669
Bacteria|Firmicutes|unclassified|unclassified-Firmicutes	1	0	3	302	0	0	2	94	163	187	483	0	97	0	0	0	274	13	629	0	2	109	4	207	0	242	424	9	1010	1	0	0	0	0	2419	0	0	0	479	573	1	1	0	0	0	0	0	0	5	1873	2	0	0	0	8	0	0	0
Bacteria|Fusobacteria|Fusobacteriia|Fusobacteriales	26	33	70	21	1	11	0	3	30	0	0	0	1	0	1	7	0	0	0	19	16	1	28	0	2	13	2	2	31	0	0	2	4	4	0	1	46	1	6	22	1	0	0	115	4	94	13	1970	18	0	9	0	43	0	33	0	0	0
Bacteria|Lentisphaerae|Lentisphaeria|Victivallales	0	1	0	0	2	0	0	0	4	10	0	0	1	0	0	0	61	41	5	2	0	0	0	0	12	771	0	0	0	2	0	0	0	0	0	3	0	97	1	0	0	0	0	0	0	4	0	0	0	0	0	0	0	0	0	0	0	0
Bacteria|Proteobacteria	0	0	0	0	0	0	0	0	0	0	0	0	0	0	0	0	0	0	0	0	0	0	0	2	0	0	0	1	0	1	0	0	1	0	0	0	0	0	0	0	1	0	0	0	0	0	0	0	1	0	1	0	3	0	1	0	0	0
Bacteria|Proteobacteria|Alphaproteobacteria	0	1	0	0	0	0	0	0	0	2	0	1	0	0	0	0	0	0	1	0	0	0	1	5	0	1	0	0	0	0	5	0	0	0	0	0	0	0	0	0	0	0	0	0	0	0	0	0	1	1	1	0	3	0	1	0	0	0
Bacteria|Proteobacteria|Alphaproteobacteria|Caulobacterales	24	40	51	27	10	44	1	4	25	10	1	8	4	55	77	7	4	6	22	49	14	35	4	67	11	0	41	184	10	10	9	16	64	4	1	43	5	41	12	12	7	8	10	1	4	8	21	0	21	4	12	12	57	20	25	0	50	8
Bacteria|Proteobacteria|Alphaproteobacteria|RF32	79	1	0	0	137	0	1	0	2	795	1186	0	7	1	33	341	626	5591	940	45	0	128	1494	305	12821	72	40	54	57	1025	1490	0	0	0	434	0	21380	2124	86	0	0	0	0	0	0	0	154	0	1	1	8	914	0	2	2	4	0	246
Bacteria|Proteobacteria|Alphaproteobacteria|Rhizobiales	4	18	7	4	5	7	0	1	1	1	0	3	0	0	2	0	0	0	3	6	0	8	0	16	0	0	4	82	3	5	5	7	6	0	1	9	4	16	1	1	0	5	0	2	0	1	4	0	15	0	3	1	13	4	2	0	1	5
Bacteria|Proteobacteria|Alphaproteobacteria|Rhodobacterales	0	0	0	1	2	0	0	0	0	1	0	0	0	1	0	0	0	1	0	4	1	0	0	18	0	0	3	0	0	0	0	0	0	0	0	0	0	0	0	0	0	0	28	0	0	0	0	0	0	0	0	0	0	0	0	0	0	0
Bacteria|Proteobacteria|Alphaproteobacteria|Sphingomonadales	351	638	781	201	72	475	6	107	535	106	80	68	58	1184	1362	177	32	132	303	918	546	276	148	2257	97	13	424	1668	410	227	169	302	553	62	67	496	178	436	207	90	79	188	221	7	14	75	200	7	325	144	147	132	422	194	317	35	569	183
Bacteria|Proteobacteria|Alphaproteobacteria|unclassified-Alphaproteobacteria	0	0	0	0	0	0	0	0	0	0	0	0	0	0	0	0	0	0	0	0	0	0	0	0	0	0	0	0	0	0	0	0	0	0	0	0	0	0	0	34	0	0	0	0	0	0	0	0	0	0	0	0	0	0	0	0	0	0
Bacteria|Proteobacteria|Betaproteobacteria	0	0	0	0	0	0	0	0	0	0	0	0	0	0	0	0	0	0	0	28	0	0	0	0	0	0	0	0	0	0	0	0	0	0	0	0	0	0	0	0	0	0	0	0	0	0	0	0	0	0	0	0	0	0	0	0	0	0
Bacteria|Proteobacteria|Betaproteobacteria|Burkholderiales	77	219	210	241	914	1502	7	313	626	585	2612	20	149	162	1456	210	570	266	103	140	7664	621	2420	372	10214	85	68	1104	609	683	514	494	210	6	750	155	3137	475	150	623	5	35	22	3	4	1490	798	4145	154	94	26	118	62	131	61	71	1555	1987
Bacteria|Proteobacteria|Betaproteobacteria|Neisseriales	10	0	0	0	0	0	0	0	0	2	3	6	0	0	0	0	0	0	0	0	0	0	0	21	3	0	3	0	0	2	0	10	1	0	0	12	2	0	1	0	0	0	0	49	0	0	11	3	0	0	0	0	3	0	0	0	1	0
Bacteria|Proteobacteria|Deltaproteobacteria|Desulfovibrionales	3	5	0	17	0	8	1	4	20	48	96	8	76	7	10	44	574	63	45	72	112	66	44	268	767	469	66	15	54	53	18	0	14	0	0	12	75	10	4	16	0	7	7	0	0	2	349	0	6	0	64	20	8	0	3	2	0	34
Bacteria|Proteobacteria|Epsilonproteobacteria|Campylobacterales	101	1	6	1	2	3	0	0	5	1	0	0	1	2	0	0	3	2	1	3	0	0	0	6	1	1	2	0	0	0	0	0	1	130	0	5	72	0	1	5	0	0	0	28	3	7	1	25	0	3	4	1	37	0	0	0	6	1
Bacteria|Proteobacteria|Gammaproteobacteria	0	0	6	0	0	2	0	0	2	0	0	0	0	0	0	0	0	0	0	0	0	0	0	4	0	0	1	3	3	0	0	0	0	0	0	0	0	0	0	0	0	0	0	0	0	0	3	0	0	0	0	0	0	1	0	0	2	0
Bacteria|Proteobacteria|Gammaproteobacteria|Aeromonadales	0	0	0	10	0	0	0	23340	0	1	0	1460	0	478	0	1	0	0	4	0	4	0	0	0	2	0	0	0	0	0	0	0	0	0	0	0	0	0	0	3	0	2	0	0	0	0	1	2	0	0	0	0	0	1	1	0	1	1
Bacteria|Proteobacteria|Gammaproteobacteria|Enterobacteriales	136	555	30	9	9	69	3	3	160	8	6	35	44	107	0	22	7	1800	26	8	35	0	7	30	1167	0	5	0	12	81	0	537	23	82	103	19	903	8	0	198	1692	3	172	0	40	295	7848	5683	12	10	4837	567	51	2353	8	306	39	32
Bacteria|Proteobacteria|Gammaproteobacteria|Pasteurellales	1210	1417	11	2834	248	8529	4	89	80	2	574	5	175	1	53	0	27	0	36	7	0	23	0	10	44	4	643	20	77	13	183	39	54	55	17	71	338	271	2	2469	0	5	0	408	23	1128	13	17	151	294	5	0	6965	4	18	0	1384	132
Bacteria|Proteobacteria|Gammaproteobacteria|Pseudomonadales	16	3	25	9	1	5	0	0	51	18	3	3	5	23	52	7	2	8	22	33	20	4	7	157	5	0	18	7	5	22	11	21	10	5	1	36	13	1	3	6	6	8	62	0	0	0	4	0	10	3	2	0	12	5	22	7	16	1
Bacteria|Proteobacteria|Gammaproteobacteria|Xanthomonadales	0	0	0	0	0	0	0	0	5	0	0	0	0	0	1	0	0	0	1	0	0	0	0	7	0	0	0	0	2	0	0	0	0	0	0	0	0	0	0	0	0	0	0	0	0	0	0	0	0	0	0	0	0	0	0	0	0	0
Bacteria|Spirochaetes|Spirochaetia|Spirochaetales	0	0	0	0	0	0	0	0	0	0	0	0	0	0	0	0	10	0	0	0	0	0	0	0	0	0	0	0	0	0	0	0	0	0	0	0	0	0	0	0	0	0	0	0	0	0	0	0	0	0	0	0	0	0	0	0	0	0
Bacteria|Synergistetes|Synergistia|Synergistales	0	0	0	0	0	0	0	0	3	0	0	0	0	0	0	0	0	0	7	0	0	0	0	0	0	10	0	0	0	0	0	0	0	0	0	0	0	0	0	0	0	0	0	0	0	0	0	0	0	0	0	0	0	0	0	14	0	0
Bacteria|Unclassified|unclassified|unclassified-Bacteria	15	0	109	2	12	13	0	1258	4	0	1883	0	4	6	3	0	3	82	13	5	15	2	3	195	4	4	542	2	7	4	156	0	45	0	372	0	2	0	0	97	2	33	0	13	0	10	11	1	0	4	0	0	17	0	36	0	89	0
Bacteria|Verrucomicrobia|Verrucomicrobiae|Verrucomicrobiales	120	8	15	1094	0	9	13	0	4800	25441	3480	552	18	11800	1278	1	25	6616	1378	186	12891	36	62	2126	2084	561	2002	598	289	10034	1244	6	0	3	1938	7	19	13	3904	9	16	1	23	1	25482	702	15	3	143	2	13	57702	6	3926	8	1675	4	9123
